_viz_0 = nengo_gui.components.HTMLView(pacman.environment)
_viz_config[_viz_0].x = 0.7028257897598017
_viz_config[_viz_0].y = 0.2629192993691011
_viz_config[_viz_0].width = 0.1285279613891512
_viz_config[_viz_0].height = 0.16971460238293157
_viz_config[_viz_0].label_visible = True
_viz_net_graph = nengo_gui.components.NetGraph()
_viz_progress = nengo_gui.components.Progress()
_viz_config[_viz_progress].x = 0
_viz_config[_viz_progress].y = 0
_viz_config[_viz_progress].width = 100
_viz_config[_viz_progress].height = 100
_viz_config[_viz_progress].label_visible = True
_viz_sim_control = nengo_gui.components.SimControl()
_viz_config[_viz_sim_control].shown_time = 0.5
_viz_config[_viz_sim_control].kept_time = 4.0
_viz_config[enemy].pos=(0.01621872734962954, 1.060806843710594)
_viz_config[enemy].size=(0.1, 0.1)
_viz_config[fear_move].pos=(0.020626510320224428, 0.7904499620835681)
_viz_config[fear_move].size=(0.1, 0.1)
_viz_config[food].pos=(0.1270827010519172, 0.06311810930467754)
_viz_config[food].size=(0.1, 0.1)
_viz_config[food_move].pos=(0.04471843467971148, 0.31086996074087403)
_viz_config[food_move].size=(0.1, 0.1)
_viz_config[ignore_enemy].pos=(0.204505966484843, 0.7804682808459583)
_viz_config[ignore_enemy].size=(0.1, 0.1)
_viz_config[ignore_food].pos=(0.41962518346558186, 0.1113526994292657)
_viz_config[ignore_food].size=(0.1, 0.1)
_viz_config[ignore_obstacles].pos=(0.9929817856654101, 0.209472221200238)
_viz_config[ignore_obstacles].size=(0.1, 0.1)
_viz_config[model].pos=(0.17384276732848725, 0.10371033716373317)
_viz_config[model].size=(0.7346938775510203, 0.7346938775510203)
_viz_config[model].expanded=True
_viz_config[model].has_layout=True
_viz_config[move].pos=(0.023125625280652144, 0.49173468747900784)
_viz_config[move].size=(0.1, 0.1)
_viz_config[obstacle_move].pos=(0.37915941857305796, 0.5231386066923617)
_viz_config[obstacle_move].size=(0.1, 0.1)
_viz_config[obstacles].pos=(0.915023315547709, 0.6354605940820313)
_viz_config[obstacles].size=(0.1, 0.1)
_viz_config[pacman].pos=(0.9360118304529242, 0.999046107381409)
_viz_config[pacman].size=(0.16619190011541293, 0.21200297898832435)
_viz_config[pacman].expanded=True
_viz_config[pacman].has_layout=True
_viz_config[pacman.detect_enemy].pos=(0.5, 0.8915662650602407)
_viz_config[pacman.detect_enemy].size=(0.3076923076923077, 0.04819277108433734)
_viz_config[pacman.detect_food].pos=(0.5, 0.7349397590361444)
_viz_config[pacman.detect_food].size=(0.3076923076923077, 0.04819277108433734)
_viz_config[pacman.environment].pos=(0.5, 0.10843373493975904)
_viz_config[pacman.environment].size=(0.3076923076923077, 0.04819277108433735)
_viz_config[pacman.move].pos=(0.5, 0.26506024096385544)
_viz_config[pacman.move].size=(0.3076923076923077, 0.04819277108433735)
_viz_config[pacman.obstacles].pos=(0.5, 0.5783132530120481)
_viz_config[pacman.obstacles].size=(0.3076923076923077, 0.04819277108433734)
_viz_config[pacman.score].pos=(0.5, 0.4216867469879518)
_viz_config[pacman.score].size=(0.3076923076923077, 0.04819277108433734)